1 0 1
Total:  1

2 0 1
2 1 2
Total:  3

3 0 3
3 1 21
3 2 42
Total:  66

4 0 15
4 1 228
4 2 1272
4 3 2544
Total:  4059

5 0 105
5 1 2805
5 2 30300
5 3 154500
5 4 309000
Total:  496710

6 0 945
6 1 39330
6 2 696600
6 3 6494400
6 4 31534200
6 5 63068400
Total:  101833875

7 0 10395
7 1 623385
7 2 16418430
7 3 241204950
7 4 2068516800
7 5 9737380800
7 6 19474761600
Total:  31538916360

8 0 135135
8 1 11055240
8 2 405755280
8 3 8609378400
8 4 113376463200
8 5 920900131200
8 6 4242782275200
8 7 8485564550400
Total: 13771649744055


